[cam_0]
name = "Camera_000_synchronized"
size = [ 480, 848,]
matrix = [ [ 708.1788051432645, 0.0, 239.5,], [ 0.0, 708.1788051432645, 423.5,], [ 0.0, 0.0, 1.0,],]
distortions = [ -0.317365082306095, 0.0, 0.0, 0.0, 0.0,]
rotation = [ -0.0033499597209273773, 0.0021650150599618954, -0.001379877126899876,]
translation = [ 0.0, 0.0, 0.0,]

[cam_1]
name = "Camera_001_synchronized"
size = [ 480, 848,]
matrix = [ [ 592.3870303553653, 0.0, 239.5,], [ 0.0, 592.3870303553653, 423.5,], [ 0.0, 0.0, 1.0,],]
distortions = [ -0.18204505499764978, 0.0, 0.0, 0.0, 0.0,]
rotation = [ 0.033611968986581676, -1.2283133701945648, -0.2556693659012589,]
translation = [ 1812.5480110334286, -36.418095521242094, 589.8945753283987,]

